1 2 6 12 35 46 50
2 1 3 13 33 38
3 2 4 12 18 26
4 2 3 5 29 34
5 4 6 14 18 23 26 50
6 2 5 7 33 40 46 47
7 6 8 11 14 16 36
8 7 9 21 26 32 36 39
9 8 10 12 29 31 40 47
10 5 9 11 14 28 38 41
11 2 7 10 12 40 42
12 1 11 13 16 19 26 39
13 4 12 14 25 36 47
14 6 7 13 15 28
15 5 11 14 16 30 37 47
16 1 8 11 15 17 36
17 16 18 21 33 40
18 1 17 19 23 39 46
19 18 20 32 43 47
20 19 21 22 35 37
21 20 22 28 29 31 45 49
22 12 18 21 23 30 31 48
23 5 16 22 24 26 33 47
24 22 23 25 31 38
25 14 17 24 26 37
26 14 25 27 29 32 34 43
27 23 24 26 28 38
28 2 3 13 27 29 45
29 18 22 28 30 32 47
30 15 23 29 31 32 48 49
31 30 32 35 36 48
32 8 12 15 22 31 33
33 10 20 31 32 34 43
34 5 11 29 31 33 35 45
35 2 7 34 36 40
36 2 21 28 35 37 46
37 1 36 38 42 46
38 3 18 26 34 37 39
39 12 19 38 40 45
40 3 39 41 45 49
41 10 13 40 42 46
42 21 25 29 31 38 41 43
43 8 15 20 30 42 44
44 3 36 43 45 49
45 1 4 44 46 47
46 13 23 27 32 45 47
47 4 7 26 46 48
48 32 34 45 47 49
49 5 13 41 47 48 50
50 1 23 43 44 46 48 49
